212,192,212,205,207,221,200,231,188,248,172,258,153,268,141,277,130,283,117,290,107,296,93,305,72,316,51,332,25,341,15,348
218,190,237,198,255,217,270,223,295,241,303,252,325,275,350,288,372,310,391,327,410,347,435,370,468,403,490,427,507,452,526,470,552,497,573,528,606,553,637,587,681,626,735,661,767,683,791,701,817,728,852,756,883,792,923,823,952,843
256,180,277,195,301,207,327,211,346,217,375,230,403,235,441,242,490,252,518,261,546,270,572,276,600,277,631,283,662,291,696,297,728,305,762,307,812,313,856,321,838,318,880,317,893,321,917,322,935,322,975,317,1003,317,1036,316,1056,315,1098,310,1128,306,281,183,291,188,301,195,285,172,312,193,311,198,322,202,353,213,381,220,411,225
952,222,928,222,895,222,856,222,831,220,788,220,743,220,683,220,766,227,711,222,667,217,632,213,580,208,541,198,503,200,460,195,427,188,392,183,371,175,337,170
1000,238,967,238,932,238,886,243,836,248,810,253,770,255,736,255,687,258,636,265,601,265,571,267,537,273,493,277,466,280,418,283,380,286,335,293,292,302,240,312,203,320,161,330,118,336,80,343,36,360,16,365,842,217,806,217,760,225,705,231,655,237,606,241,565,241,522,247,462,255,417,256,357,261,288,278,238,290,198,296,152,302,111,313,83,318,43,330,392,256,595,240,683,235
1058,266,1005,268,950,275,881,278,832,281,790,291,748,305,735,316,721,345,720,401,721,465,717,361,716,426,716,478,722,528,737,578,755,621,790,671,836,723,886,757,916,787,948,827,976,847,905,275,811,295,731,321,708,362,696,421,716,513
1258,701,1237,681,1205,653,1200,630,1178,601,1168,572,1166,556,1156,526,1156,507,1150,471,1147,436,1146,417,1150,386,1148,366,1150,353,1171,327,1200,317,1245,658,1202,625,1215,616,1182,583,1151,542,1140,506,1128,458,1125,440,1131,407,1128,383,1142,360
1275,740,1233,715,1203,677,1170,662,1140,633,1107,610,1080,580,1052,565,1011,530,972,502,952,473,923,452,893,432,865,408,842,380,825,395,793,375,767,356,733,338,700,327,675,311,626,293,610,277,578,260,537,242,482,227,442,217,416,210,396,203,370,192,342,183,332,180,895,445,837,412,791,391,742,360,706,337,662,315,641,303,505,240,462,225
1177,836,1155,808,1127,785,1082,755,1057,733,1022,697,998,671,975,642,951,638,918,620,887,600,863,578,832,565,817,548,861,563,805,518,781,492,742,477,710,466,678,450,640,430,591,418,550,403,490,382,455,373,427,366,387,357,348,346,296,345,262,345,203,345,153,355,100,357,31,372,12,378,183,351,295,343,348,357,372,358,560,408,637,430,788,527
8,610,38,613,86,615,142,628,173,635,223,652,276,660,320,675,372,692,455,711,520,731,570,743,615,762,638,771,677,786,731,810,778,826,818,840,847,851
15,592,63,581,126,575,170,565,268,552,291,540,366,517,441,498,482,490,560,481,623,468,677,452,760,433,746,437,805,425,861,413,905,406,966,392,1011,387,1041,382,1067,376,1110,368,1131,362,1165,353,1188,346,1220,338,1241,336,1233,313,1183,321,1150,325,1121,330,1090,336,1047,341,1013,346,991,348,976,352,941,355,908,360,877,362,830,367,813,371,791,371,747,373,707,380,673,381,636,387,591,396,548,405,506,410,477,410,416,417,382,428,341,436,307,443,280,452,236,462,195,472,151,478,120,481,91,492,35,510,12,523,46,520,97,512,147,501,203,488,322,471,448,433,522,426
10,438,30,433,63,428,108,415,153,403,166,398,182,391,218,376,208,381,241,366,281,342,330,310,307,332,345,293,362,272,378,245,378,223,377,206,367,193,358,183,338,175,321,167
