23,253,46,260,66,270,91,283,126,291,141,301,146,321,146,340,140,365,128,390,110,426,98,458,81,488,56,520,21,553,136,296,163,308,193,328,210,348,198,378,188,411,176,438,153,473,140,490,121,508,96,528,78,550,38,575
40,265,71,266,106,275,136,286,175,296,208,308,231,315,268,320,316,333,356,341,390,351,431,361,465,370,498,373,526,383,556,391,615,405,646,415,723,440,761,446,820,466,870,475,931,488,915,500,961,511,1003,520,1070,526,1121,550,1186,570,1165,566,1216,576,1258,581,1308,598,1380,618,1438,643,1490,651,1533,670,1586,690,1625,700,1678,715,1725,735,1750,738,1785,735,1785,695,1770,676,1708,683,1600,650,1548,643,1480,620,1406,591,1326,563,1240,536,1161,526,1090,508,1008,488,950,480,873,458,810,445,741,430,670,410
36,251,83,263,126,275,156,281,196,286,228,298,275,308,303,311,371,318,411,321,468,321,506,321,560,325,581,325,625,325,670,323,728,323,780,325,808,323,846,321,890,321,928,321,963,316,990,326,1030,323,1088,323,1111,323,1153,321,1185,318,1226,313,1278,301,1308,291,1353,280,1381,271,1405,266,1440,255,1488,236,1521,226,1546,218,1581,211,1608,196,1621,195,1643,186,788,335,905,340,988,343,1050,338,1111,333,1156,333,853,336,605,335,528,333,461,336,410,333
1385,176,1341,191,1320,196,1280,201,1235,213,1181,223,1156,228,1120,236,1080,243,1048,250,995,256,938,258,888,258,835,258,800,260,751,260,715,261,675,258,633,258,595,258,551,256,511,256,455,250,435,250,400,248,350,245,326,245,298,245,246,236,216,236,156,233,130,233
1553,170,1501,178,1471,178,1438,191,1398,200,1368,200,1331,208,1278,221,1238,228,1205,233,1175,246,1148,250,1075,265,1038,281,993,290,951,296,923,298,893,308,853,318,813,328,786,330,756,343,720,355,660,371,628,380,598,386,553,396,515,411,460,425,400,440,373,451,355,455,313,466,265,491,213,515,165,531,105,551,48,570,15,583
1535,166,1515,170,1473,183,1441,188,1413,191,1385,195,1351,201,1320,206,1293,213,1268,220,1218,231,1200,238,1168,243,1146,251,1125,265,1093,273,1070,283,1055,296,1055,311,1056,325,1056,336,1058,363,1068,386,1080,406,1040,348,1050,395,1066,435,1088,476,1136,511,1180,535,1235,558,1115,516,1178,556,1235,578,1281,591,1328,610,1398,626,1453,643,1511,668,1585,695,1625,710,1680,723,1735,735,1781,748,1816,760,1125,268,1101,298,1093,318,1101,351,1086,345,1103,381,1126,413,1161,441,1123,433,1140,463,1175,488,1206,505,1271,536,1315,555,1373,585,1431,601,1496,621,1551,635,1605,638,1646,648,1690,665,1726,681,1785,695,1805,705
1873,548,1841,536,1803,526,1760,510,1723,485,1695,468,1658,456,1621,435,1583,418,1560,396,1543,378,1520,358,1505,328,1501,316,1505,293,1506,275,1515,256,1538,226,1558,205,1581,195,1636,181,1731,496,1655,473,1613,455,1580,435,1538,410,1506,376,1488,350,1483,310,1491,266,1528,228,1505,238,1573,203,1618,183
1856,538,1800,530,1755,520,1695,503,1641,498,1580,480,1528,461,1458,450,1390,438,1345,430,1266,406,1216,400,1153,390,1093,376,1048,361,995,353,933,341,880,328,811,325,750,308,706,301,678,300,608,286,551,278,505,271,466,265,406,256,360,255,306,245,250,238,198,230,150,223,126,220
1865,568,1821,555,1766,546,1703,535,1653,523,1598,516,1520,503,1446,500,1403,493,1308,490,1226,493,1141,480,1246,493,1160,488,1088,480,1026,470,978,453,918,448,863,440,815,435,775,431,723,430,670,428,628,423,583,420,528,416,493,421,426,433,388,450,331,458,293,466,245,481,185,498,1300,466,1230,460,1136,448,1065,443,973,440,900,436,855,431,788,425,695,416,556,413,415,435,291,476,208,503,130,533,71,560,51,573,13,591
75,838,101,816,146,798,171,775,240,748,293,723,345,691,410,661,465,638,518,621,573,610,630,593,678,580,741,578,776,576,815,571,860,566,921,563,976,563,1026,568,1070,573,1146,575,1203,576,1261,585,1336,600,1375,601,1413,616,1456,625,1503,633,1550,648,1591,650,1625,656,1653,666,1691,671,1721,680,1760,688,1788,698,1828,708,1863,718,1896,725
83,831,120,808,161,790,218,765,243,740,323,695,383,663,445,626,521,606,585,590,505,598,548,568,606,538,656,521,723,498,770,481,818,460,891,440,953,420,993,406,1061,381,1110,360,1151,353,1208,341,1260,320,1291,301,1346,286,1385,275,1436,258,1471,243,1506,223,1536,218,1561,211,1611,188,1635,178
90,830,130,796,178,763,216,735,246,706,276,676,313,638,355,596,388,565,420,525,435,491,461,443,471,421,478,371,485,353,485,335,476,313,473,305,456,286,436,275,403,263,381,253,353,251,316,251,281,236,266,235,228,228,198,223,173,220,156,220,130,218,88,215
