502,374,488,387,474,400,461,408,448,422,435,432,421,445,398,460,370,464,345,472,315,474,281,474,234,474,195,474,155,470,104,475,68,471,41,471
560,377,535,398,518,420,504,437,490,452,478,462,462,480,452,491,438,504,424,525,404,548,387,562,374,577,355,594,334,614,321,624,300,642,282,652,630,385,614,397,597,414,587,427,565,444,564,455,550,471,541,480,530,492,522,504,514,515,510,525,497,541,485,555,474,568,458,582,445,601,434,614,418,628,404,641
698,392,682,412,671,427,655,450,651,458,667,435,645,465,645,477,660,491,675,500,695,505,721,507,744,511,762,514,791,520,805,522,841,534,867,535,895,542,917,542,947,552,962,554,984,558,1010,565,1035,572,1055,574,1071,575,1107,577,1120,581,1147,582,1172,582,1194,587,1212,588,1238,590
1228,565,1210,565,1192,565,1165,561,1130,557,1101,548,1082,548,1065,544,1038,537,1017,534,988,522,974,518,967,507,967,488,967,475,971,465,980,454,985,442,995,431,1000,424,1005,415
1215,575,1181,571,1157,567,1128,561,1095,557,1060,552,1025,547,1005,545,972,542,922,538,885,534,864,534,834,531,801,525,774,520,744,518,724,515,685,511,640,510,618,507,598,507,558,500,534,498,508,494,472,492,441,492,407,488,380,488,355,491,330,491,300,490,272,490,248,488,221,487,201,487,172,488,125,488,92,487,65,482,31,481
1192,581,1172,581,1141,581,1120,578,1080,575,1044,564,1021,562,1065,568,1098,574,994,567,955,558,920,555,888,551,855,545,834,544,808,541,781,538,750,535,724,534,704,530,677,530,658,530,635,530,611,528,582,528,571,531,555,535,547,535,532,538,510,542,500,545,487,554,474,564,461,578,455,587,447,597,432,605,415,615,407,624,398,631,394,635
887,692,891,681,897,664,901,650,907,628,915,618,908,647,918,634,932,627,944,621,960,611,971,605,985,602,1015,590,1005,594,1028,590,1057,588,1062,587,1081,584,1098,584,1122,581,1137,581,1158,581,1170,581,1185,581,1201,581,1217,585,1242,588
895,678,902,658,904,647,911,630,920,605,925,587,937,567,948,538,950,522,961,494,970,478,974,464,981,454,991,438,1001,424,1007,418,774,700,785,680,792,668,800,660,805,644,814,628,827,610,834,592,844,570,851,552,867,527,872,515,878,502,888,481,890,470,902,445,908,437,917,425,928,411,940,401
761,704,774,700,772,687,768,671,761,660,751,644,750,632,747,628,748,611,748,592,745,584,750,564,747,557,740,550,727,545,711,537,690,531,670,522,662,518,647,514,630,512,600,508,622,508,595,505,575,501,544,498,531,498,505,498,490,498,471,495,442,495,427,494,410,490,390,490,377,488,358,488,330,488,284,485,297,488,264,487,237,484,221,482,202,481,171,481,154,480,122,478,94,478,71,475,58,471
22,477,37,477,60,481,85,482,102,487,132,491,157,492,184,495,195,497,225,498,245,502,271,504,287,508,308,510,328,512,350,518,377,525,385,527,392,531,398,538,401,545,400,558,395,561,387,561,381,565,378,570,370,575,360,588,351,595,344,605,332,612,322,615,392,550
21,474,45,475,74,480,97,478,117,481,141,481,161,482,190,488,215,488,231,488,270,488,290,494,314,494,341,494,365,494,377,500,411,501,437,502,458,507,490,511,515,518,545,518,571,521,600,524,618,527,637,528,674,532,707,532,728,538,751,540,784,544,801,545,825,545,840,547,857,550,881,555,898,557,925,561,947,567,984,568,1005,574,1025,577,1052,578,1091,580,1114,581,1141,587,1161,587,1190,587,1215,587,1222,587
68,471,91,474,107,471,138,471,158,474,191,474,221,480,242,478,278,478,300,485,322,485,345,488,372,488,398,491,417,492,442,495,470,500,482,501,510,502,535,504,554,505,567,508,578,508,578,505,597,502,614,504,624,504,638,504,654,505,680,505,698,505,711,505,722,505,744,505,765,505,780,505,794,502,807,504,818,502,834,502,847,500,857,495,864,492,874,488,884,482,888,475,894,467,902,455,905,448,911,435,912,431,920,424
