155,145,166,160,171,171,176,180,178,193,175,203,168,211,160,220,143,231,126,240,100,251,85,258,66,270,53,275,33,285,23,291
225,136,243,148,256,155,283,171,306,181,335,196,348,201,375,220,403,231,436,246,468,263,508,290,540,303,563,318,601,338,623,348,651,361,678,375,713,393,740,408,766,423,806,445,845,466,890,496,926,515,960,535,1000,560,1031,581,1063,600,1105,620,1141,638,1141,645,1181,648,1228,683
295,115,315,123,336,128,356,143,378,150,406,161,433,175,460,175,490,188,526,193,583,200,616,200,650,201,673,203,716,206,701,206,740,203,760,203,791,205,818,205,851,206,876,206,916,203,958,203,985,201,1008,201,1041,198,1075,190
751,103,723,106,675,115,638,115,591,115,561,125,518,126,490,126,465,126,433,126,401,123,381,116,545,125,611,113,368,121,363,121
948,117,918,117,891,117,870,117,836,120,812,118,787,120,761,121,726,123,703,125,672,126,632,131,592,137,558,143,520,150,482,155,445,163,412,173,377,178,342,190,310,198,273,205,235,220,201,235,151,252,125,262,87,278,53,292,22,305,12,308,13,286,40,275,76,258,113,243,157,225,192,211,231,200,256,192,285,178,312,171,355,163,393,153,435,143,463,137,491,131,538,123,565,121,595,117,626,112,646,112,671,111,707,106,733,106,757,105,787,105,801,105,827,105,848,102
950,131,925,135,900,136,865,136,835,138,790,138,753,141,715,150,688,161,668,168,636,181,606,208,596,236,611,253,635,295,668,321,708,350,760,388,821,441,886,485,956,536,1026,573,1061,603,1101,633,1151,661,1185,685,660,178,638,201,640,226,661,261,648,253,668,283,703,318,741,355,768,390,798,408,818,410,895,473,976,520,1046,565,1106,598,933,510,703,165,696,305,768,365,808,391
1238,453,1211,440,1180,430,1151,418,1120,398,1093,385,1070,366,1041,336,1023,313,1008,296,1000,271,990,250,993,223,998,211,1010,196,1021,188,1041,178,1065,178,1090,168
1228,476,1191,460,1150,436,1095,418,1045,386,980,353,908,323,885,315,838,298,798,278,761,265,735,251,693,221,680,231,648,215,611,196,576,175,540,155,476,143,408,131,355,113,356,135,401,148,443,150,483,160,530,181,566,193,606,205,660,228,691,243,715,251,730,261,765,271,786,283,828,298,853,313,875,326,920,341,943,346,981,363,1008,380,1050,391,1076,400
1216,508,1156,490,1105,470,1041,446,1010,423,951,396,916,388,871,375,843,353,790,330,740,310,688,296,678,291,598,270,583,266,548,258,513,248,455,236,426,233,396,226,350,233,330,230,276,231,240,241,181,256,135,268,76,288,56,300,31,311
131,815,178,806,215,796,271,788,326,783,376,771,448,763,518,753,576,748,633,748,705,751,781,751,890,760,965,760,1021,780,1110,793,1160,808,1218,830
95,670,131,655,176,635,236,605,280,581,346,558,363,536,408,520,443,491,478,473,538,445,576,431,613,410,655,390,686,371,708,358,753,338,790,321,826,306,855,293,881,280,916,268,953,251,975,245,1013,231,1030,226,1048,215,1068,208,1080,203,1091,201,1110,193,1128,188,45,560,90,540,163,510,216,470,271,448,318,430,353,415,408,395,446,371,485,360,525,346,556,338,590,320,626,308,668,296,670,293,708,281,736,271,770,261,821,248,853,241,883,231,910,228,945,215,976,208,1001,198,1016,198,1036,193,1060,188,1091,180
135,401,168,383,198,373,236,361,281,346,306,343,336,325,321,331,366,310,386,301,416,281,425,268,443,238,443,225,448,201,440,168,423,150,406,140,375,133,353,133
