51,243,60,253,70,267,72,280,67,292,57,306,48,316,42,327,20,343,13,350
100,220,118,228,133,240,152,252,180,267,201,278,227,290,255,303,278,317,302,330,320,343,315,346,341,366,371,383,391,405,423,420,458,447,488,472,522,496,566,521,596,548,628,566,660,596,688,616,725,635,756,653,783,672,806,687,833,707,868,725,905,743,922,757,948,772
151,202,177,212,201,225,245,232,257,237,296,240,343,240,386,241,441,241,490,241,540,236,596,230,635,225,665,223,702,218,736,216,757,208,785,201,815,191,840,181,860,173,190,185,221,193,253,202,298,205,330,205,372,205,427,208,483,202,551,198,592,197,637,195,685,190,735,185,778,177,815,167,855,158
572,122,523,142,541,135,530,137,501,141,458,146,435,151,397,155,362,157,330,162,307,163,288,161,280,158,272,160,258,162,232,162,376,157,448,148
687,127,660,132,621,146,567,162,525,173,488,186,451,197,412,210,371,222,337,233,300,245,261,266,227,278,192,297,151,326,115,342,98,352,70,366,45,377,17,390,12,355,40,336,81,320,116,300,142,288,178,262,216,248,243,242,280,228,313,215,330,208,348,200,380,192,405,183,442,175,473,166,518,155,538,145,550,145,587,137,598,133,616,127,631,123,647,118
737,132,706,143,670,155,635,167,592,188,597,181,570,188,557,202,551,225,543,261,518,265,518,298,523,322,538,358,585,391,630,426,672,458,732,506,788,557,835,590,862,612,893,630,920,648,950,690,970,702,548,251,541,300,575,347,627,397,566,208,566,250,663,432,711,486,778,541
1125,492,1085,468,1068,452,1032,427,998,397,966,377,942,343,925,312,915,287,916,321,905,302,902,278,898,260,901,243,911,227,923,207,942,185,975,175,938,198,902,230,910,208,928,187
1106,546,1061,520,1021,498,985,472,955,450,920,423,876,406,846,383,820,371,781,352,753,332,730,318,703,305,668,291,622,272,601,258,567,240,532,228,487,218,445,200,423,197,387,187,353,178,323,173,301,168,276,165,1093,513,1031,480,981,445,936,425,886,396,827,363,780,340
1071,620,1040,592,1006,576,973,555,943,536,893,508,858,482,813,448,843,472,797,445,770,430,726,417,702,408,672,398,650,386,621,386,592,377,558,365,510,355,468,347,392,338,342,338,430,350,328,338,281,341,248,341,203,348,173,353,127,368,62,388,36,403,21,417
62,852,96,831,136,816,188,793,235,772,322,751,267,753,385,743,457,742,510,735,576,735,620,745,690,742,621,741,541,733,491,743,685,748,736,760,775,773,825,785,860,793,888,807
15,730,46,707,85,686,110,658,132,640,77,666,132,628,182,602,228,576,265,551,308,518,363,483,406,458,433,445,475,420,502,405,532,390,573,366,620,341,655,318,678,310,703,295,737,280,767,262,793,247,825,236,857,218,873,216,888,200,907,193,927,187,951,175,931,157,910,165,876,171,840,183,828,191,811,198,795,205,767,211,755,217,715,235,675,247,650,255,615,268,603,281,570,295,533,317,497,332,476,352,426,373,390,395,381,402,365,411,345,428,291,447,261,461,217,483,167,503,127,531,105,545,68,565
3,531,42,513,82,491,138,457,165,428,205,396,248,367,270,337,310,308,333,288,356,251,371,228,376,190,388,191,388,176,353,166,340,162,365,257,381,216,383,190,366,166,337,161,191,410,252,367,326,301
