cam_1.mp4
0,1,1,0
0,1,1,0
cam_1_dawn.mp4
0,1,1,0
0,1,1,0
cam_1_rain.mp4
0,1,1,0
0,1,1,0
cam_2.mp4
0,1,0,1
0,1,0,1
cam_2_rain.mp4
0,1,0,1
0,1,0,1
cam_3.mp4
0,0,0,0
0,0,0,0
cam_3_rain.mp4
0,0,0,0
0,0,0,0
cam_4.mp4
0,0,1,1,0,0,1,1,0,0,1,1
0,0,1,1,0,0,1,1,0,0,1,1
cam_4_dawn.mp4
0,0,1,1,0,0,1,1,0,0,1,1
0,0,1,1,0,0,1,1,0,0,1,1
cam_4_rain.mp4
0,0,1,1,0,0,1,1,0,0,1,1
0,0,1,1,0,0,1,1,0,0,1,1
cam_5.mp4
0,1,1,1,0,1,1,1,0,1,1,1
0,1,1,1,0,1,1,1,0,1,1,1
cam_5_dawn.mp4
0,1,1,1,0,1,1,1,0,1,1,1
0,1,1,1,0,1,1,1,0,1,1,1
cam_5_rain.mp4
0,1,1,1,0,1,1,1,0,1,1,1
0,1,1,1,0,1,1,1,0,1,1,1
cam_6.mp4
0,0,1,1,0,0,1,1,0,0,1,1
0,0,1,1,0,0,1,1,0,0,1,1
cam_6_snow.mp4
0,0,1,1,0,0,1,1,0,0,1,1
0,0,1,1,0,0,1,1,0,0,1,1
cam_7.mp4
0,1,0,1,0,1,0,1,0,1,0,1
0,1,0,1,0,1,0,1,0,1,0,1
cam_7_dawn.mp4
0,1,0,1,0,1,0,1,0,1,0,1
0,1,0,1,0,1,0,1,0,1,0,1
cam_7_rain.mp4
0,1,0,1,0,1,0,1,0,1,0,1
0,1,0,1,0,1,0,1,0,1,0,1
cam_8.mp4
0,0,1,0,0,1
0,0,1,0,0,1
cam_9.mp4
0,0,1,1,0,0,1,1,0,0,1,1
0,0,1,1,0,0,1,1,0,0,1,1
cam_10.mp4
0,0,0
0,0,0
cam_11.mp4
0,0,0
0,0,0
cam_12.mp4
0,0,0
0,0,0
cam_13.mp4
0,0,0
0,0,0
cam_14.mp4
0,0
0,0
cam_15.mp4
0,1
0,1
cam_16.mp4
0,1
0,1
cam_17.mp4
0,1
0,1
cam_18.mp4
0,1
0,1
cam_19.mp4
0,1
0,1
cam_20.mp4
0,1
0,1
